0.501671
0.457380
0.500704
0.444120
0.461039
0.475436
0.468210
0.499638
0.565741
0.490700
0.499964
0.473570
0.510459
0.497800
0.408079
0.457201
0.457486
0.566998
0.507411
0.473081
0.442328
0.475852
0.397422
0.516039
0.354449
0.448677
0.443060
0.479121
0.502815
0.471093
0.529334
0.396013
0.496314
0.459102
0.544414
0.432935
0.376667
0.475871
0.496638
0.544107
0.437449
0.514592
0.487711
0.529031
0.504331
0.492228
0.410466
0.433498
0.409502
0.505543
0.481170
0.544268
0.425885
0.382030
0.500497
0.491413
0.444173
0.437702
0.370593
0.556093
0.468601
0.399921
0.437177
0.490765
0.508397
0.533177
0.510379
0.476911
0.412101
0.556837
0.416736
0.533835
0.373333
0.403071
0.456879
0.517400
0.411473
0.510115
0.562501
0.426607
0.323801
0.460846
0.497290
0.456494
0.443046
0.513126
0.469135
0.442432
0.526887
0.406263
0.477354
0.460595
0.469101
0.479012
0.577888
0.473323
0.480107
0.496818
0.500663
0.501760
0.416462
0.453790
0.456074
0.563758
0.521795
0.463790
0.434315
0.475872
0.382822
0.517984
0.385010
0.407468
0.472656
0.458609
0.517576
0.478670
0.516306
0.397077
0.499469
0.478064
0.547731
0.424170
0.366498
0.471495
0.487552
0.555173
0.435099
0.517606
0.490485
0.518995
0.514755
0.495671
0.406219
0.429860
0.415275
0.517855
0.457505
0.555843
0.416650
0.371644
0.505122
0.475000
0.435136
0.423856
0.380968
0.555626
0.450452
0.383914
0.458972
0.468251
0.516876
0.507816
0.526857
0.429894
0.432821
0.556079
0.404013
0.469135
0.442432
0.526887
0.406263
0.477354
0.460595
0.469101
0.479012
0.577888
0.473323
0.480107
0.496818
0.500663
0.501760
0.416462
0.453790
0.456074
0.563758
0.521795
0.463790
0.434315
0.475872
0.382822
0.517984
0.385010
0.407468
0.472656
0.458609
0.517576
0.478670
0.516306
0.397077
0.499469
0.478064
0.547731
0.424170
0.366498
0.471495
0.487552
0.555173
0.435099
0.517606
0.490485
0.518995
0.514755
0.495671
0.406219
0.429860
0.415275
0.517855
0.457505
0.555843
0.416650
0.371644
0.505122
0.475000
0.435136
0.423856
0.380968
0.555626
0.450452
0.383914
0.458972
0.468251
0.516876
0.507816
0.526857
0.429894
0.432821
0.556079
0.404013
0.522062
0.371192
0.421042
0.453684
0.520376
0.421000
0.502383
0.564078
0.439736
0.303240
0.454898
0.522334
0.445658
0.455604
0.498289
0.473311
0.444517
0.504844
0.420146
0.451278
0.478608
0.458052
0.491781
0.570306
0.483430
0.492015
0.481915
0.510224
0.513145
0.395869
0.439877
0.472097
0.564330
0.523503
0.436669
0.451727
0.459783
0.385591
0.519236
0.356724
0.413926
0.452791
0.481490
0.510908
0.473581
0.520135
0.380083
0.502137
0.465265
0.544509
0.411722
0.400910
0.467244
0.508461
0.553747
0.443930
0.514066
0.499892
0.512766
0.493138
0.489120
0.399386
0.431893
0.418594
0.504114
0.468515
0.542987
0.417638
0.386902
0.497057
0.469776
0.429450
0.427495
0.396572
0.548129
0.472581
0.379187
0.424726
0.490347
0.496368
0.515288
0.513581
0.465387
0.423219
0.560684
0.403949
0.530819
0.383900
0.420408
0.433250
0.509975
0.422273
0.498284
0.574732
0.437052
0.333091
0.448056
0.504416
0.442788
0.430041
0.516497
0.459600
0.457772
0.505524
0.429434
0.471381
0.456654
0.485169
0.484042
0.571242
0.465372
0.492059
0.484336
0.508339
0.487732
0.432054
